| Run on Thu Jun 12 23:59:27 2025
| GB non-polar solvation energies calculated with gbsa=2
idecomp = 1: Per-residue decomp adding 1-4 interactions to Internal.
Energy Decomposition Analysis (All units kcal/mol): Generalized Born model

DELTAS:
Total Energy Decomposition:
Residue,Internal,,,van der Waals,,,Electrostatic,,,Polar Solvation,,,Non-Polar Solv.,,,TOTAL,,
,Avg.,Std. Dev.,Std. Err. of Mean,Avg.,Std. Dev.,Std. Err. of Mean,Avg.,Std. Dev.,Std. Err. of Mean,Avg.,Std. Dev.,Std. Err. of Mean,Avg.,Std. Dev.,Std. Err. of Mean,Avg.,Std. Dev.,Std. Err. of Mean
R:A:ILE:10,0.0,3.6458548474671897,0.364585484746719,-1.26721,1.2960081257075513,0.12960081257075512,-0.2650200000000003,1.7010919478382114,0.17010919478382114,0.91177,0.9333123365197741,0.0933312336519774,-0.18882475199999998,0.06778842141526364,0.006778842141526365,-0.8092847520000015,4.329119498613774,0.4329119498613774
R:A:GLY:11,0.0,3.1418143229669067,0.31418143229669065,-1.22744,0.9720484547593293,0.09720484547593293,-0.6116099999999999,2.795099799202169,0.27950997992021687,0.7304799999999999,0.894153817080708,0.0894153817080708,-0.14594248799999998,0.035948070908037325,0.0035948070908037324,-1.254512488,4.407863613849912,0.4407863613849912
R:A:GLU:12,0.0,5.493077355563092,0.5493077355563092,-1.7678999999999996,1.7084072904316465,0.17084072904316466,0.1651800000000003,11.595878568267263,1.1595878568267264,0.71732,10.865522029244614,1.0865522029244614,-0.19862193600000005,0.156832926214255,0.0156832926214255,-1.0840219360000007,16.900920673411406,1.6900920673411406
R:A:GLY:13,0.0,2.562669805456801,0.2562669805456801,-1.32982,0.9192350366473202,0.09192350366473202,-1.1525200000000004,2.9322099452460764,0.29322099452460765,1.1719,1.2128522738569607,0.12128522738569607,-0.18212587199999997,0.04175431563643307,0.004175431563643308,-1.4925658720000003,4.181253258112244,0.4181253258112244
R:A:THR:14,0.0,4.522425213864791,0.4522425213864791,-0.9457799999999998,1.371259910447323,0.1371259910447323,-0.62627,4.077610115631459,0.4077610115631459,0.8288600000000002,0.8829663443189666,0.08829663443189666,-0.07121469600000001,0.03319589932805075,0.003319589932805075,-0.8144046959999999,6.303992333833553,0.6303992333833552
R:A:TYR:15,0.0,4.23687571446225,0.423687571446225,-0.23582,1.3755817060429378,0.1375581706042938,-0.18354999999999919,5.88386193416365,0.588386193416365,0.38699000000000006,2.184894103497925,0.21848941034979247,-0.004859424,0.01859949335560816,0.001859949335560816,-0.037239423999999965,7.696575881179442,0.7696575881179442
R:A:GLY:16,0.0,2.906821442710233,0.2906821442710233,-0.16426000000000002,0.706677413110112,0.0706677413110112,0.17529000000000095,2.448699501102576,0.24486995011025758,-0.14266,0.98391243736422,0.098391243736422,-0.001177128,0.012432579905030812,0.0012432579905030812,-0.13280712799999997,3.989156723687739,0.3989156723687739
R:A:VAL:18,0.0,3.5456107753389974,0.35456107753389976,-1.61021,1.2543400214854026,0.12543400214854025,0.037900000000000274,2.252017981722171,0.2252017981722171,0.1072,0.629877289001596,0.0629877289001596,-0.190419336,0.02363949653188545,0.0023639496531885447,-1.6555293360000014,4.4287259877640075,0.4428725987764007
R:A:VAL:30,0.0,4.283282106049052,0.4283282106049052,-0.06282999999999998,1.317143508164543,0.1317143508164543,0.24087000000000017,2.6553423358015444,0.26553423358015443,-0.22246,0.859923118656546,0.0859923118656546,0.0,0.04903800920004809,0.004903800920004809,-0.044419999999998405,5.279591654450778,0.5279591654450778
R:A:ALA:31,0.0,3.432037616343971,0.34320376163439714,-0.5114799999999999,1.0143133187531357,0.10143133187531357,-0.06556999999999974,2.200852186563196,0.22008521865631958,0.11139000000000002,0.5916007014025592,0.05916007014025591,-0.029595743999999997,0.012857602415071948,0.0012857602415071948,-0.4952557440000001,4.242831691634712,0.4242831691634712
R:A:LYS:33,0.0,4.689530357956967,0.4689530357956967,-0.11184000000000002,2.1424709554624073,0.21424709554624072,-8.144779999999999,7.064897209018684,0.7064897209018685,7.341029999999998,5.694646613118324,0.5694646613118324,-0.08010331200000001,0.026058384527782225,0.0026058384527782225,-0.9956933120000012,10.436681869009144,1.0436681869009143
R:A:VAL:64,0.0,4.193931528673304,0.4193931528673304,-0.5363600000000001,1.0786383756384714,0.10786383756384714,0.3147799999999999,2.476925561214951,0.2476925561214951,-0.29935,1.1989329286911758,0.11989329286911758,-0.050311512,0.030491601919432176,0.003049160191943218,-0.5712415119999994,5.130891984215571,0.5130891984215571
R:A:PHE:80,0.0,4.605358402209323,0.46053584022093225,-0.8563000000000001,1.1666366196035507,0.11666366196035508,0.5143799999999997,2.5444833406803826,0.25444833406803824,-0.25508000000000003,0.806570198804791,0.0806570198804791,-0.06045415200000001,0.05161571548657297,0.005161571548657297,-0.6574541520000002,5.4495855029245295,0.544958550292453
R:A:GLU:81,0.0,4.054184460628303,0.4054184460628303,0.16212000000000004,2.1420028516787744,0.21420028516787742,-6.58859,17.861210083908087,1.7861210083908088,4.20483,13.154595636867748,1.3154595636867747,-0.020840112,0.06865700686392437,0.006865700686392437,-2.242480112,22.651611723517412,2.2651611723517413
R:A:PHE:82,0.0,3.785025239017568,0.3785025239017568,-0.47720999999999997,1.1102993365304692,0.11102993365304692,-0.6152100000000005,2.1898354408265477,0.21898354408265477,0.32813999999999993,1.0879742667912693,0.10879742667912692,-0.002137752,0.12585068672938013,0.012585068672938012,-0.7664177520000004,4.64263786388194,0.464263786388194
R:A:LEU:83,0.0,5.900730747966728,0.5900730747966728,-0.6809999999999999,1.290270309353819,0.1290270309353819,-0.5838700000000004,3.1884211702816176,0.3188421170281618,0.39828,0.916450373997414,0.0916450373997414,-0.032904432000000004,0.031856834895582706,0.0031856834895582706,-0.899494432,6.891324004589362,0.6891324004589362
R:A:GLN:85,0.0,4.484352571241472,0.4484352571241472,-0.16999000000000003,1.329754589952597,0.1329754589952597,0.47386999999999985,5.001285795023116,0.5001285795023116,-0.40025,3.3361838034346962,0.33361838034346963,-0.0061524,0.10037701576387358,0.010037701576387358,-0.10252240000000029,7.617789887611345,0.7617789887611345
R:A:ASP:86,0.0,3.9037341912328,0.39037341912328,-0.60171,1.4620187187242166,0.14620187187242167,-7.919970000000002,10.276686342800387,1.0276686342800387,8.98961,9.416313228642089,0.9416313228642089,-0.19673488799999997,0.06010297305256518,0.0060102973052565175,0.2711951119999991,14.54845313926088,1.454845313926088
R:A:LYS:88,0.0,3.8885066203878322,0.3888506620387832,-0.33108999999999994,1.9098610377459404,0.19098610377459405,0.9018299999999998,21.35528515340172,2.135528515340172,-0.6113100000000009,18.10362060848327,1.8103620608483268,-0.063318744,0.16629696868363905,0.016629696868363904,-0.10388874400000106,28.329931004524056,2.8329931004524056
R:A:LYS:89,0.0,4.941387153806104,0.4941387153806104,-0.13573999999999997,1.3344972193301865,0.13344972193301866,2.4615100000000005,10.400337567978262,1.0400337567978262,-2.3376899999999994,9.914321018098011,0.9914321018098011,-0.008171063999999995,0.10074486851782696,0.010074486851782697,-0.02009106399999876,15.253495407234784,1.5253495407234783
R:A:LYS:129,0.0,5.278545437068813,0.5278545437068813,-0.25708,2.086045669682234,0.2086045669682234,-2.617709999999999,7.315877687297677,0.7315877687297677,2.53847,6.1582106536801735,0.6158210653680174,-0.022511592000000004,0.049741749274008616,0.0049741749274008614,-0.3588315920000006,11.120374431619686,1.1120374431619686
R:A:GLN:131,0.0,4.483781912626884,0.4483781912626884,-2.2588999999999997,1.6340549605811918,0.1634054960581192,-0.3788600000000001,4.516702324528372,0.45167023245283716,1.4059099999999998,2.623699846533517,0.2623699846533517,-0.46478433599999996,0.18448817360320804,0.018448817360320804,-1.6966343359999991,7.077631843597083,0.7077631843597083
R:A:ASN:132,0.0,3.6543030616247467,0.3654303061624747,-0.55527,1.4367083810920016,0.14367083810920017,0.19611999999999938,3.978720894835424,0.3978720894835424,-0.1407,1.014935788609309,0.10149357886093091,-0.040584888,0.025108146410965825,0.0025108146410965826,-0.5404348879999993,5.6814616844185615,0.5681461684418562
R:A:LEU:133,0.0,4.270561546213799,0.4270561546213799,-0.1415799999999999,1.2729695467684998,0.12729695467684998,-0.1255400000000001,2.2513533625355215,0.22513533625355214,0.20925000000000005,0.6734386985464973,0.06734386985464973,0.0,0.00113367855558443,0.000113367855558443,-0.0578699999999998,5.0378825230375375,0.5037882523037538
R:A:LEU:134,0.0,4.581750344049748,0.4581750344049748,-1.7088299999999998,1.4981075105278658,0.14981075105278657,0.13024999999999978,2.169008998943988,0.21690089989439879,0.02641,0.664680190392342,0.0664680190392342,-0.28590249599999995,0.02814728804720199,0.0028147288047201987,-1.8380724960000003,5.327659372663046,0.5327659372663046
R:A:ALA:144,0.0,3.604194303752227,0.3604194303752227,-0.6832900000000001,1.0764444899296945,0.10764444899296946,-0.13411000000000045,2.921216924827733,0.2921216924827733,0.15634,0.7270344764865007,0.07270344764865007,-0.048896928,0.019408657675620125,0.0019408657675620126,-0.7099569280000004,4.81782248188876,0.48178224818887594
R:A:ASP:145,0.0,3.82527953498826,0.382527953498826,0.03905000000000002,2.0362713061623197,0.20362713061623197,-3.2290000000000005,7.24459764071132,0.724459764071132,2.6479300000000006,6.371023420573809,0.6371023420573809,-0.094833288,0.04272648054128642,0.004272648054128642,-0.6368532879999997,10.576158296212263,1.0576158296212264
R:A:LEU:148,0.0,4.43690782865725,0.443690782865725,-0.03961000000000001,1.0082248496739208,0.10082248496739207,-0.01343000000000032,2.3561185749235967,0.23561185749235966,0.008730000000000002,1.0362843588031232,0.10362843588031231,0.0,0.022113655899430106,0.0022113655899430105,-0.04430999999999965,5.227651236710156,0.5227651236710156
R:A:THR:158,0.0,3.572149408521431,0.3572149408521431,-0.7535900000000001,1.522735110089736,0.1522735110089736,-0.69851,3.904950375600182,0.3904950375600182,0.7691500000000001,2.5618280270736364,0.25618280270736365,-0.14737356,0.08937842084355063,0.008937842084355063,-0.8303235599999996,6.0744186874640524,0.6074418687464053
R:A:TYR:159,0.0,3.757004306917946,0.3757004306917946,-0.19878999999999983,1.7563206163739011,0.17563206163739012,-0.14264999999999958,3.885984423836514,0.3885984423836514,0.2680400000000001,2.366451877389439,0.23664518773894389,-0.0010084319999999975,0.15052427908371652,0.015052427908371652,-0.07440843200000016,6.1581953897707455,0.6158195389770745
R:A:THR:160,0.0,5.236510851015206,0.5236510851015206,-0.2759499999999999,1.3325257103335753,0.13325257103335753,-0.05661000000000015,6.654531324045293,0.6654531324045293,0.20504999999999998,2.984935441295172,0.29849354412951723,-0.05366375999999999,0.20342778030359854,0.020342778030359852,-0.18117375999999955,9.079134333993482,0.9079134333993482
R:A:GLU:162,0.0,6.635402709165436,0.6635402709165436,-0.30301,1.411282777298724,0.1411282777298724,0.9010900000000004,10.268531951622881,1.0268531951622881,-0.25262000000000007,8.385567672364227,0.8385567672364227,-0.06643684799999999,0.0966489457882007,0.00966489457882007,0.27902315200000105,14.892619743964525,1.4892619743964526
R:A:VAL:164,0.0,4.992089876975373,0.4992089876975373,-0.6322299999999998,1.1641933385396088,0.11641933385396089,-0.35527000000000003,4.619390949584155,0.46193909495841556,0.49364,2.3221158084815663,0.23221158084815663,-0.07331522399999998,0.07490598338452083,0.0074905983384520826,-0.567175224,7.2809967002290845,0.7280996700229084
L:B:LIG:299,0.0,7.347989800904733,0.7347989800904733,-22.928939999999997,2.711903957222674,0.2711903957222674,-29.99034,5.818858743344781,0.5818858743344781,36.33291,3.2210533466398847,0.3221053346639885,-4.276597607999999,0.22067472787361203,0.0220674727873612,-20.862967607999998,10.277663949547197,1.0277663949547198

